-243-

get. III 66. Pelag. 173.

1V2, 13, 11.
1111
11 3, 11-11.
V 1.

V 2, 1. 2.

V 2, 3-1.
V 8.

V 11, 1-3.
V 12.

V 13.

V 14, 2.

V 11, 1-1.
1 11, 11.

1 11, 11.
111, 11.

1 11, 13.

1 11, 20-23.

V 14, 23 (cf. V 8).

V 23.

V 26, 1. 6.
V 26, 2. 3.
V 26, 4.

V 26, 6. 8.
V 11.
131, 1.

1 31, 1.

1 41, 1.1.
1 11, 1-11.
V 46, 1. 6.
V 46, 4. 6.
111, 6. 6.
V 61, 1-6.
V 11, 1.

V 66, 2.

V 66, 3.

111, 1 (cf. 1131).

1 11, 3-11.
111, 11.
111, 1-1.
111, 1-4.
V 66, 6.
V 66, 1.
V 66, 2.
V 66, 3-1.
111, 1.

137. 138.

21.

22.

179. 180.

216. 217.

220-224.

137-161.

302. 303.

304. 309.

310. 311.

152.

141.

142.

161.

143-146.

150.

162-166.

158-162.

294 seq.

211. 215.

213. 214.

396.

212.

183, 189.

186. 187.

136.

404. 407.

267—215.
cf. 363.

364.

363.

237. 283. 290.

123.

130. 131.

132. 136.

168.

72-74.

76. 77. 82.

84-90.

91-93,

91.

96.

94.

97. 98.

99. 101.

16*

 

